88
59
25
-9
-40
-65
-84
-96
-102
-105
-106
-106
-106
-108
-110
-112
-115
-117
-119
-120
-120
-121
-120
-120
-120
-120
-119
-119
-119
-119
-119
-118
-118
-118
-118
-117
-117
-116
-116
-115
-115
-114
-113
-112
-111
-110
-109
-108
-107
-106
-105
-104
-102
-101
-99
-97
-95
-93
-91
-89
-86
-84
-82
-79
-77
-75
-73
-71
-69
-67
-65
-63
-61
-59
-57
-56
-55
-55
-55
-56
-58
-61
-64
-67
-71
-75
-80
-84
-89
-93
-97
-101
-104
-108
-111
-113
-116
-118
-119
-120
-121
-121
-121
-121
-121
-121
-121
-121
-122
-122
-122
-123
-123
-123
-124
-124
-124
-124
-125
-125
-125
-125
-125
-125
-125
-125
-125
-124
-124
-124
-124
-124
-124
-124
-124
-124
-124
-124
-124
-124
-125
-125
-125
-125
-125
-125
-126
-126
-126
-126
-127
-127
-127
-127
-127
-127
-127
-127
-127
-127
-126
-126
-126
-126
-126
-126
-126
-126
-127
-127
-127
-127
-126
-126
-125
-125
-125
-124
-124
-124
-124
-124
-124
-124
-124
-124
-124
-124
-124
-124
-123
-123
-124
-124
-124
-124
-124
-124
-124
-124
-123
-123
-122
-122
-122
-122
-122
-122
-122
-122
-122
-122
-122
-122
-122
-122
-121
-121
-121
-121
-122
-122
-122
-123
-123
-123
-123
-123
-123
-122
-122
-121
-121
-120
-120
-120
-120
-120
-120
-120
-120
-120
-120
-120
-119
-119
-118
-118
-118
-118
-118
-118
-118
-118
-118
-118
-118
-118
-118
-118
-118
-118
-118
-118
-118
-117
-117
-117
-116
-116
-115
-115
-115
-115
-115
-115
-116
-116
-117
-117
-117
-117
-117
-115
-114
-112
-110
-108
-106
-105
-105
-105
-106
-107
-109
-110
-112
-113
-115
-115
-116
-117
-117
-117
-117
-116
-116
-116
-116
-116
-115
-115
-114
-114
-113
-112
-111
-110
-108
-107
-104
-99
-93
-82
-68
-49
-26
1
30
59
84
104
114
115
104
83
55
22
-12
-42
-68
-87
-99
-105
-108
-108
-107
-107
-108
-109
-112
-115
-117
-119
-121
-122
-122
-122
-122
-121
-121
-121
-121
-121
-121
-122
-122
-122
-122
-122
-122
-122
-122
-122
-121
-121
-120
-120
-119
-118
-118
-117
-116
-116
-115
-115
-114
-113
-112
-111
-110
-109
-108
-107
-105
-104
-102
-100
-98
-96
-93
-91
-88
-86
-83
-81
-79
-77
-75
-74
-72
-70
-67
-65
-63
-61
-60
-58
-58
-58
-59
-61
-63
-65
-68
-71
-74
-78
-82
-86
-90
-94
-98
-102
-105
-108
-110
-112
-113
-115
-116
-117
-119
-120
-121
-122
-123
-124
-124
-125
-125
-125
-125
-125
-125
-124
-124
-123
-123
-123
-123
-123
-123
-123
-124
-124
-124
-124
-124
-124
-124
-124
-124
-123
-123
-123
-123
-123
-123
-123
-123
-123
-123
-123
-123
-123
-122
-121
-120
-120
-119
-119
-119
-119
-119
-120
-120
-120
-121
-121
-121
-121
-121
-120
-120
-120
-120
-120
-120
-121
-121
-121
-120
-120
-120
-120
-120
-120
-119
-119
-119
-119
-119
-120
-120
-121
-122
-122
-123
-124
-124
-124
-124
-123
-123
-123
-122
-122
-122
-122
-122
-122
-122
-122
-122
-122
-122
-122
-122
-122
-121
-122
-122
-122
-123
-123
-123
-123
-123
-123
-123
-123
-123
-122
-122
-122
-122
-122
-123
-123
-123
-123
-123
-123
-123
-123
-123
-122
-122
-122
-122
-121
-121
-121
-121
-121
-121
-121
-121
-122
-122
-122
-122
-121
-121
-121
-121
-120
-120
-120
-120
-120
-120
-120
-120
-120
-120
-120
-120
-120
-120
-120
-119
-119
-118
-118
-117
-117
-116
-116
-116
-116
-117
-117
-117
-117
-116
-114
-112
-110
-108
-106
-104
-104
-103
-104
-104
-106
-107
-109
-110
-111
-112
-113
-113
-114
-113
-113
-113
-113
-114
-114
-114
-113
-113
-111
-110
-108
-107
-105
-104
-104
-102
-100
-96
